15108
15237
15068
15235
15236
15102
15206
15044
15227
15146
15221
15212
15217
15213
15210
15101
15090
15136
15216
15143
15241
15205
15202
15132
15239
15106
15122
16046
15220
15057
15228
15147
15120
15017
15025
15116
15219
15229
15214
15234
15226
15243
15218
15201
15215
15238
15071
15063
15209
15232
15224
15065
15129
15037
15003
15203
15207
15005
15137
15084
15211
15208
15332
15024
15204
15131
15126
15104
15285
15145
15139
15223
15133
15222
15110
15045
15130
15135
15144
15233
15112
15014
15140
15189
15046
15148
15263
15026
15035
15034
15086
15030
15015
15282
15018
15056
15225
15049
15142
15275
15051
15007
15047
15277
15076
15064
15088
15031
15006
15032
15082
15134
15020
15028
15075
15091
15095
15096
15240
15242
15244
15250
15251
15252
15253
15254
15255
15257
15258
15259
15260
15261
15262
15264
15265
15267
15268
15270
15272
15274
15276
15278
15279
15281
15283
15286
15290
15295
15123
15127
15230
15231
15289
