15001
15003
15004
15005
15012
15014
15017
15018
15019
15020
15021
15022
15024
15025
15026
15028
15030
15031
15033
15034
15035
15037
15038
15044
15045
15046
15047
15049
15050
15051
15053
15054
15055
15056
15057
15060
15062
15063
15064
15065
15067
15068
15071
15072
15075
15076
15077
15078
15081
15082
15083
15084
15085
15087
15088
15089
15090
15101
15102
15104
15106
15108
15110
15112
15116
15120
15122
15126
15129
15131
15132
15133
15135
15136
15137
15139
15140
15142
15143
15144
15145
15146
15147
15148
15201
15202
15203
15204
15205
15206
15207
15208
15209
15210
15211
15212
15213
15214
15215
15216
15217
15218
15219
15220
15221
15222
15223
15224
15225
15226
15227
15228
15229
15232
15233
15234
15235
15236
15237
15238
15239
15241
15243
15260
15290
15301
15312
15313
15314
15317
15321
15324
15330
15331
15332
15340
15342
15347
15350
15358
15360
15361
15363
15366
15367
15378
15379
15423
15427
15432
15611
15615
15617
15623
15625
15632
15636
15637
15640
15642
15647
15660
15665
15668
15675
15678
15691
15692
26035
26062