15003
15017
15019
15020
15025
15026
15031
15034
15035
15037
15038
15045
15046
15055
15056
15057
15060
15064
15071
15081
15082
15088
15101
15102
15104
15106
15108
15110
15112
15116
15120
15122
15126
15129
15132
15133
15136
15142
15143
15145
15147
15148
15201
15202
15203
15204
15205
15206
15207
15208
15209
15210
15211
15212
15213
15214
15215
15216
15217
15218
15219
15220
15221
15222
15223
15224
15225
15226
15227
15228
15229
15232
15233
15234
15235
15236
15237
15238
15241
15243
15260
15290
15317
15321
15332
15340
15342
15347
15350
15361
15363
15367
15378